{
  "advancedEditorSelectedIdentifier" : "ProjectBrowser",
  "openSceneRelativePaths" : [
    "Scene.usda"
  ],
  "recentIdentifiers" : {
    "26DBAE76-5DD8-47B6-A085-1B4ADA111097" : [

    ]
  },
  "sceneCameraHistory" : {
    "26DBAE76-5DD8-47B6-A085-1B4ADA111097" : [
      {
        "date" : 753965750.280012,
        "title" : "Untitled",
        "transform" : [
          0.99989384,
          9.525633e-10,
          -0.014572178,
          0,
          -0.0046552825,
          0.9475986,
          -0.31942979,
          0,
          0.013808564,
          0.31946367,
          0.9474979,
          0,
          0.040360242,
          1.9340664,
          2.787533,
          1
        ]
      },
      {
        "date" : 753965691.052443,
        "title" : "Untitled",
        "transform" : [
          0.99989384,
          9.525633e-10,
          -0.014572178,
          0,
          -0.0046552825,
          0.9475986,
          -0.31942979,
          0,
          0.013808564,
          0.31946367,
          0.9474979,
          0,
          0.040360242,
          1.9340664,
          2.787533,
          1
        ]
      },
      {
        "date" : 753964966.063033,
        "title" : "Untitled",
        "transform" : [
          0.99989384,
          9.525633e-10,
          -0.014572178,
          0,
          -0.0046552825,
          0.9475986,
          -0.31942979,
          0,
          0.013808564,
          0.31946367,
          0.9474979,
          0,
          0.00804378,
          1.1863317,
          0.5699203,
          1
        ]
      },
      {
        "date" : 753964954.149721,
        "title" : "Untitled",
        "transform" : [
          0.99989384,
          9.525633e-10,
          -0.014572178,
          0,
          -0.0046552825,
          0.9475986,
          -0.31942979,
          0,
          0.013808564,
          0.31946367,
          0.9474979,
          0,
          -0.035166703,
          0.22436345,
          0.39811945,
          1
        ]
      },
      {
        "date" : 753964948.740569,
        "title" : "Untitled",
        "transform" : [
          0.9827312,
          0,
          0.18503891,
          0,
          0.13084225,
          0.7071068,
          -0.69489586,
          0,
          -0.13084228,
          0.70710677,
          0.69489604,
          0,
          -0.019709695,
          0.20713213,
          0.4308045,
          1
        ]
      },
      {
        "date" : 753964878.976752,
        "title" : "Untitled",
        "transform" : [
          0.9827312,
          0,
          0.18503891,
          0,
          0.13084225,
          0.7071068,
          -0.69489586,
          0,
          -0.13084228,
          0.70710677,
          0.69489604,
          0,
          -0.09062059,
          0.489738,
          0.4812809,
          1
        ]
      }
    ]
  },
  "sceneViewportBackgroundColors" : {

  }
}